'''Side A''':
:¦ 02 12 13 01 18/ <hr/>
:| 24 40 12 | 29 45 07/ <hr/>
:| 29 29 34 | 02 12 04 40 33 | 27 45 07 12 | 27 44 08 | 02 12 06 18 ?? | 31 26 35 | 02 12 41 19 35 | 01 41 40 07 | 02 12 32 23 38/ <hr/>
:| 39 11 | ^ 02 27 25 10 23 18 | 28 01/ <hr/>
:| 02 12 31 26/ <hr/>
:| 02 12 27 27 35 37 21 | 33 23 | 02 12 31 26/ <hr/>
:| 02 27 25 10 23 18 | 28 01/ <hr/>
:| 02 12 31 26/ <hr/>
:| 02 12 27 14 32 18 27 | 06 18 17 19/ <hr/>
:| 31 26 12 | 02 12 13 01 | 23 19 35/ <hr/>
:| 10 03 38 | 02 12 27 27 35 37 21 | 13 01 | 10 03 38

'''Side B'''
:¦ 02 12 22 40 07 | 27 45 07 35 | 02 37 23 05/ <hr/>
:| 22 25 27 | 33 24 20 12 | 16 23 18 43/ <hr/>
:| 13 01 39 33 | 15 07 13 01 18 | 22 37 42 25 | 07 24 40 35 | 02 26 36 40 | 27 25 38 01 | 29 ^ 24 24 20 35 | 16 14 18 | 29 33 01 | 06 35 32 39 33 | 02 09 27 01 | 29 36 07 08/ <hr/>
:| 29 08 13 | 29 45 07/ <hr/>
:| 22 29 36 07 08/ <hr/>
:| 27 34 23 25 | 07 18 35 | 07 45 07/ <hr/>
:| 07 23 18 24 | 22 29 36 07 08/ <hr/>
:| 09 30 39 18 07 | 02 06 35 23 07 | 29 34 23 25 | 45 07/<hr/>

